10000	10	3	0.3	0.3	0.3	3
20000	10	3	0.3	0.3	0.3	3
30000	10	3	0.272727	0.3	0.285714	3
40000	10	3	0.272727	0.3	0.285714	3
50000	10	3	0.3	0.3	0.3	3
60000	10	3	0.3	0.3	0.3	3
70000	10	3	0.3	0.3	0.3	3
80000	10	3	0.3	0.3	0.3	3
90000	10	3	0.3	0.3	0.3	3
100000	10	3	0.272727	0.3	0.285714	3
200000	10	3	0.272727	0.3	0.285714	3
10000	15	9	0.5	0.6	0.545455	8
20000	15	7	0.4375	0.466667	0.451613	7
30000	15	8	0.470588	0.533333	0.5	7
40000	15	7	0.4375	0.466667	0.451613	7
50000	15	7	0.466667	0.466667	0.466667	7
60000	15	7	0.466667	0.466667	0.466667	7
70000	15	7	0.466667	0.466667	0.466667	7
80000	15	7	0.466667	0.466667	0.466667	7
90000	15	7	0.466667	0.466667	0.466667	7
100000	15	7	0.466667	0.466667	0.466667	7
200000	15	7	0.466667	0.466667	0.466667	7
10000	20	12	0.521739	0.6	0.55814	10
20000	20	13	0.5	0.65	0.565217	10
30000	20	11	0.478261	0.55	0.511628	11
40000	20	11	0.478261	0.55	0.511628	9
50000	20	13	0.5	0.65	0.565217	10
60000	20	13	0.541667	0.65	0.590909	10
70000	20	12	0.48	0.6	0.533333	9
80000	20	13	0.52	0.65	0.577778	10
90000	20	14	0.56	0.7	0.622222	11
100000	20	13	0.541667	0.65	0.590909	10
200000	20	12	0.545455	0.6	0.571429	11
10000	25	20	0.645161	0.8	0.714286	17
20000	25	18	0.642857	0.72	0.679245	15
30000	25	17	0.62963	0.68	0.653846	15
40000	25	22	0.666667	0.88	0.758621	15
50000	25	22	0.666667	0.88	0.758621	16
60000	25	19	0.655172	0.76	0.703704	15
70000	25	21	0.65625	0.84	0.736842	15
80000	25	20	0.666667	0.8	0.727273	17
90000	25	18	0.692308	0.72	0.705882	17
100000	25	20	0.689655	0.8	0.740741	17
200000	25	20	0.666667	0.8	0.727273	16
10000	30	26	0.787879	0.866667	0.825397	23
20000	30	27	0.794118	0.9	0.84375	24
30000	30	29	0.828571	0.966667	0.892308	24
40000	30	28	0.823529	0.933333	0.875	24
50000	30	29	0.828571	0.966667	0.892308	24
60000	30	29	0.828571	0.966667	0.892308	24
70000	30	28	0.823529	0.933333	0.875	24
80000	30	28	0.823529	0.933333	0.875	24
90000	30	27	0.818182	0.9	0.857143	24
100000	30	27	0.818182	0.9	0.857143	24
200000	30	26	0.8125	0.866667	0.83871	25
10000	35	31	0.861111	0.885714	0.873239	30
20000	35	31	0.885714	0.885714	0.885714	31
30000	35	32	0.914286	0.914286	0.914286	32
40000	35	32	0.914286	0.914286	0.914286	32
50000	35	33	0.916667	0.942857	0.929577	32
60000	35	33	0.916667	0.942857	0.929577	32
70000	35	33	0.916667	0.942857	0.929577	32
80000	35	32	0.888889	0.914286	0.901408	32
90000	35	33	0.891892	0.942857	0.916667	32
100000	35	33	0.891892	0.942857	0.916667	31
200000	35	33	0.891892	0.942857	0.916667	31
10000	40	36	0.857143	0.9	0.878049	36
20000	40	36	0.878049	0.9	0.888889	36
30000	40	36	0.9	0.9	0.9	36
40000	40	36	0.878049	0.9	0.888889	36
50000	40	36	0.9	0.9	0.9	36
60000	40	36	0.9	0.9	0.9	36
70000	40	36	0.9	0.9	0.9	36
80000	40	36	0.878049	0.9	0.888889	36
90000	40	36	0.878049	0.9	0.888889	36
100000	40	36	0.878049	0.9	0.888889	36
200000	40	36	0.878049	0.9	0.888889	36
10000	45	39	0.75	0.866667	0.804124	38
20000	45	39	0.764706	0.866667	0.8125	38
30000	45	39	0.75	0.866667	0.804124	38
40000	45	39	0.8125	0.866667	0.83871	38
50000	45	40	0.8	0.888889	0.842105	38
60000	45	39	0.795918	0.866667	0.829787	38
70000	45	38	0.808511	0.844444	0.826087	38
80000	45	38	0.791667	0.844444	0.817204	38
90000	45	38	0.791667	0.844444	0.817204	38
100000	45	38	0.77551	0.844444	0.808511	38
200000	45	38	0.826087	0.844444	0.835165	38
10000	50	42	0.666667	0.84	0.743363	39
20000	50	40	0.727273	0.8	0.761905	38
30000	50	40	0.714286	0.8	0.754717	38
40000	50	40	0.727273	0.8	0.761905	39
50000	50	40	0.740741	0.8	0.769231	40
60000	50	40	0.754717	0.8	0.776699	39
70000	50	40	0.754717	0.8	0.776699	40
80000	50	41	0.773585	0.82	0.796117	39
90000	50	40	0.784314	0.8	0.792079	39
100000	50	39	0.78	0.78	0.78	39
200000	50	40	0.740741	0.8	0.769231	38
10000	100	98	0.0303218	0.98	0.0588235	67
20000	100	99	0.144949	0.99	0.252874	74
30000	100	95	0.43578	0.95	0.597484	73
40000	100	96	0.412017	0.96	0.576577	75
50000	100	98	0.449541	0.98	0.616352	75
60000	100	94	0.52514	0.94	0.673835	74
70000	100	96	0.551724	0.96	0.70073	76
80000	100	97	0.548023	0.97	0.700361	76
90000	100	95	0.620915	0.95	0.750988	75
100000	100	97	0.625806	0.97	0.760784	75
200000	100	97	0.62987	0.97	0.76378	76
10000	200	error
20000	200	error
30000	200	error
40000	200	194	0.0175741	0.97	0.0345226	116
50000	200	196	0.0146619	0.98	0.0288915	115
60000	200	199	0.0775828	0.995	0.143942	114
70000	200	195	0.145414	0.975	0.253082	116
80000	200	193	0.205757	0.965	0.339192	119
90000	200	191	0.254328	0.955	0.401682	119
100000	200	187	0.291732	0.935	0.444709	118
200000	200	157	0.489097	0.785	0.602687	118
10000	300	error
20000	300	error
30000	300	error
40000	300	error
50000	300	error
60000	300	error
70000	300	error
80000	300	error
90000	300	300	0.0137982	1	0.0272208	155
100000	300	300	0.012646	1	0.0249761	158
200000	300	288	0.183791	0.96	0.308516	160
10000	400	error
20000	400	error
30000	400	error
40000	400	error
50000	400	error
60000	400	error
70000	400	error
80000	400	error
90000	400	error
100000	400	error
200000	400	400	0.00975158	1	0.0193148	195
10000	500	error
20000	500	error
30000	500	error
40000	500	error
50000	500	error
60000	500	error
70000	500	error
80000	500	error
90000	500	error
100000	500	error
200000	500	error
10000	1000	error
20000	1000	error
30000	1000	error
40000	1000	error
50000	1000	error
60000	1000	error
70000	1000	error
80000	1000	error
90000	1000	error
100000	1000	error
200000	1000	error
