10000	10	1	0.1	0.1	0.1	1
20000	10	1	0.1	0.1	0.1	1
30000	10	1	0.1	0.1	0.1	1
40000	10	1	0.1	0.1	0.1	1
50000	10	1	0.1	0.1	0.1	1
60000	10	1	0.1	0.1	0.1	1
70000	10	1	0.1	0.1	0.1	1
80000	10	1	0.1	0.1	0.1	1
90000	10	1	0.1	0.1	0.1	1
100000	10	1	0.1	0.1	0.1	1
200000	10	1	0.1	0.1	0.1	1
10000	15	1	0.0625	0.0666667	0.0645161	1
20000	15	1	0.0666667	0.0666667	0.0666667	1
30000	15	1	0.0625	0.0666667	0.0645161	1
40000	15	1	0.0625	0.0666667	0.0645161	1
50000	15	1	0.0666667	0.0666667	0.0666667	1
60000	15	1	0.0666667	0.0666667	0.0666667	1
70000	15	1	0.0666667	0.0666667	0.0666667	1
80000	15	1	0.0666667	0.0666667	0.0666667	1
90000	15	1	0.0666667	0.0666667	0.0666667	1
100000	15	1	0.0666667	0.0666667	0.0666667	1
200000	15	1	0.0666667	0.0666667	0.0666667	1
10000	20	2	0.0714286	0.1	0.0833333	2
20000	20	2	0.0833333	0.1	0.0909091	2
30000	20	2	0.0769231	0.1	0.0869565	2
40000	20	2	0.0833333	0.1	0.0909091	2
50000	20	2	0.0869565	0.1	0.0930233	2
60000	20	2	0.0740741	0.1	0.0851064	2
70000	20	2	0.0769231	0.1	0.0869565	2
80000	20	2	0.0869565	0.1	0.0930233	2
90000	20	2	0.0869565	0.1	0.0930233	2
100000	20	2	0.0952381	0.1	0.097561	2
200000	20	2	0.0909091	0.1	0.0952381	2
10000	25	4	0.08	0.16	0.106667	3
20000	25	5	0.0980392	0.2	0.131579	3
30000	25	3	0.0833333	0.12	0.0983607	3
40000	25	3	0.075	0.12	0.0923077	3
50000	25	3	0.0857143	0.12	0.1	3
60000	25	3	0.0731707	0.12	0.0909091	3
70000	25	3	0.0789474	0.12	0.0952381	3
80000	25	3	0.0769231	0.12	0.09375	3
90000	25	3	0.0810811	0.12	0.0967742	3
100000	25	3	0.1	0.12	0.109091	3
200000	25	5	0.121951	0.2	0.151515	4
10000	30	5	0.0862069	0.166667	0.113636	3
20000	30	5	0.0892857	0.166667	0.116279	4
30000	30	4	0.0701754	0.133333	0.091954	3
40000	30	3	0.0555556	0.1	0.0714286	3
50000	30	3	0.0638298	0.1	0.0779221	3
60000	30	3	0.06	0.1	0.075	3
70000	30	3	0.0666667	0.1	0.08	3
80000	30	3	0.06	0.1	0.075	3
90000	30	3	0.0652174	0.1	0.0789474	3
100000	30	5	0.106383	0.166667	0.12987	3
200000	30	5	0.0961538	0.166667	0.121951	4
10000	35	5	0.0714286	0.142857	0.0952381	4
20000	35	5	0.0793651	0.142857	0.102041	4
30000	35	5	0.0819672	0.142857	0.104167	3
40000	35	4	0.0677966	0.114286	0.0851064	3
50000	35	3	0.0517241	0.0857143	0.0645161	3
60000	35	3	0.0566038	0.0857143	0.0681818	3
70000	35	3	0.06	0.0857143	0.0705882	3
80000	35	4	0.0701754	0.114286	0.0869565	3
90000	35	5	0.0925926	0.142857	0.11236	3
100000	35	5	0.0833333	0.142857	0.105263	3
200000	35	5	0.0862069	0.142857	0.107527	4
10000	40	5	0.0714286	0.125	0.0909091	4
20000	40	5	0.0714286	0.125	0.0909091	4
30000	40	5	0.0793651	0.125	0.0970874	3
40000	40	4	0.0615385	0.1	0.0761905	3
50000	40	3	0.0483871	0.075	0.0588235	3
60000	40	4	0.0677966	0.1	0.0808081	3
70000	40	4	0.0597015	0.1	0.0747664	3
80000	40	5	0.0833333	0.125	0.1	3
90000	40	5	0.0757576	0.125	0.0943396	3
100000	40	5	0.0746269	0.125	0.0934579	4
200000	40	5	0.0769231	0.125	0.0952381	5
10000	45	5	0.0649351	0.111111	0.0819672	4
20000	45	5	0.0714286	0.111111	0.0869565	5
30000	45	5	0.0746269	0.111111	0.0892857	3
40000	45	4	0.0588235	0.0888889	0.0707965	3
50000	45	5	0.0746269	0.111111	0.0892857	3
60000	45	4	0.0597015	0.0888889	0.0714286	3
70000	45	4	0.0571429	0.0888889	0.0695652	3
80000	45	5	0.0735294	0.111111	0.0884956	3
90000	45	5	0.0757576	0.111111	0.0900901	3
100000	45	5	0.0724638	0.111111	0.0877193	5
200000	45	5	0.0735294	0.111111	0.0884956	5
10000	50	5	0.0649351	0.1	0.0787402	4
20000	50	5	0.0666667	0.1	0.08	5
30000	50	5	0.0684932	0.1	0.0813008	3
40000	50	4	0.0555556	0.08	0.0655738	3
50000	50	5	0.0675676	0.1	0.0806452	3
60000	50	4	0.057971	0.08	0.0672269	3
70000	50	4	0.0547945	0.08	0.0650407	3
80000	50	5	0.0694444	0.1	0.0819672	3
90000	50	5	0.0746269	0.1	0.0854701	4
100000	50	5	0.0704225	0.1	0.0826446	5
200000	50	5	0.0724638	0.1	0.0840336	5
10000	100	29	0.232	0.29	0.257778	29
20000	100	29	0.252174	0.29	0.269767	29
30000	100	29	0.252174	0.29	0.269767	29
40000	100	29	0.268519	0.29	0.278846	29
50000	100	29	0.263636	0.29	0.27619	29
60000	100	29	0.273585	0.29	0.281553	29
70000	100	29	0.278846	0.29	0.284314	29
80000	100	29	0.278846	0.29	0.284314	29
90000	100	29	0.278846	0.29	0.284314	29
100000	100	29	0.278846	0.29	0.284314	29
200000	100	29	0.287129	0.29	0.288557	29
10000	200	error
20000	200	93	0.0766694	0.465	0.131635	90
30000	200	90	0.106635	0.45	0.172414	90
40000	200	90	0.124654	0.45	0.195228	90
50000	200	90	0.179641	0.45	0.256776	90
60000	200	90	0.241935	0.45	0.314685	90
70000	200	90	0.230179	0.45	0.304569	90
80000	200	90	0.222772	0.45	0.298013	90
90000	200	90	0.280374	0.45	0.345489	90
100000	200	90	0.254958	0.45	0.325497	90
200000	200	90	0.362903	0.45	0.401786	90
10000	300	error
20000	300	error
30000	300	error
40000	300	141	0.00805576	0.47	0.01584	104
50000	300	146	0.0068829	0.486667	0.0135738	104
60000	300	121	0.0636842	0.403333	0.11	105
70000	300	116	0.0825623	0.386667	0.13607	104
80000	300	116	0.0994002	0.386667	0.158146	104
90000	300	113	0.111992	0.376667	0.172651	103
100000	300	115	0.125546	0.383333	0.189145	103
200000	300	111	0.174803	0.37	0.237433	103
10000	400	error
20000	400	error
30000	400	error
40000	400	error
50000	400	error
60000	400	185	0.00749049	0.4625	0.0147422	110
70000	400	187	0.00666667	0.4675	0.0131459	110
80000	400	153	0.0273654	0.3825	0.0510766	111
90000	400	142	0.046224	0.355	0.0817972	110
100000	400	143	0.0407524	0.3575	0.0731645	110
200000	400	122	0.122367	0.305	0.17466	109
10000	500	error
20000	500	error
30000	500	error
40000	500	error
50000	500	error
60000	500	error
70000	500	error
80000	500	error
90000	500	206	0.00598472	0.412	0.0117981	111
100000	500	208	0.00554963	0.416	0.0109531	111
200000	500	134	0.0751542	0.268	0.117389	111
10000	1000	error
20000	1000	error
30000	1000	error
40000	1000	error
50000	1000	error
60000	1000	error
70000	1000	error
80000	1000	error
90000	1000	error
100000	1000	error
200000	1000	error
